36.242085 -118.237619 3.000000 0.000000 120.000000 10.000000
36.269021 -118.237619 3.000000 0.000000 120.000000 10.000000
36.295957 -118.237619 3.000000 0.000000 120.000000 10.000000
36.322894 -118.237619 3.000000 0.000000 120.000000 10.000000
36.349831 -118.237619 3.000000 0.000000 120.000000 10.000000
36.376768 -118.237619 3.000000 0.000000 120.000000 10.000000
36.403707 -118.237619 3.000000 0.000000 120.000000 10.000000
36.430645 -118.237619 3.000000 0.000000 120.000000 10.000000
36.457585 -118.237619 3.000000 0.000000 120.000000 10.000000
36.484524 -118.237619 3.000000 0.000000 120.000000 10.000000
36.511465 -118.237619 3.000000 0.000000 120.000000 10.000000
36.538405 -118.237619 3.000000 0.000000 120.000000 10.000000
36.565347 -118.237619 3.000000 0.000000 120.000000 10.000000
36.592288 -118.237619 3.000000 0.000000 120.000000 10.000000
36.619230 -118.237619 3.000000 0.000000 120.000000 10.000000
36.646173 -118.237619 3.000000 0.000000 120.000000 10.000000
36.673116 -118.237619 3.000000 0.000000 120.000000 10.000000
36.700059 -118.237619 3.000000 0.000000 120.000000 10.000000
36.727003 -118.237619 3.000000 0.000000 120.000000 10.000000
36.753947 -118.237619 3.000000 0.000000 120.000000 10.000000
36.780892 -118.237619 3.000000 0.000000 120.000000 10.000000
36.807836 -118.237619 3.000000 0.000000 120.000000 10.000000
36.834782 -118.237619 3.000000 0.000000 120.000000 10.000000
36.861727 -118.237619 3.000000 0.000000 120.000000 10.000000
36.888673 -118.237619 3.000000 0.000000 120.000000 10.000000
36.915619 -118.237619 3.000000 0.000000 120.000000 10.000000
36.942566 -118.237619 3.000000 0.000000 120.000000 10.000000
36.969512 -118.237619 3.000000 0.000000 120.000000 10.000000
36.996459 -118.237619 3.000000 0.000000 120.000000 10.000000
37.023407 -118.237619 3.000000 0.000000 120.000000 10.000000
37.050354 -118.237619 3.000000 0.000000 120.000000 10.000000
37.077302 -118.237619 3.000000 0.000000 120.000000 10.000000
37.104250 -118.237619 3.000000 0.000000 120.000000 10.000000
37.131198 -118.237619 3.000000 0.000000 120.000000 10.000000
37.158147 -118.237619 3.000000 0.000000 120.000000 10.000000
37.185095 -118.237619 3.000000 0.000000 120.000000 10.000000
37.212044 -118.237619 3.000000 0.000000 120.000000 10.000000
37.238993 -118.237619 3.000000 0.000000 120.000000 10.000000
37.265942 -118.237619 3.000000 0.000000 120.000000 10.000000
37.292891 -118.237619 3.000000 0.000000 120.000000 10.000000
37.319841 -118.237619 3.000000 0.000000 120.000000 10.000000
37.346790 -118.237619 3.000000 0.000000 120.000000 10.000000
37.373740 -118.237619 3.000000 0.000000 120.000000 10.000000
37.400689 -118.237619 3.000000 0.000000 120.000000 10.000000
37.427639 -118.237619 3.000000 0.000000 120.000000 10.000000
37.454589 -118.237619 3.000000 0.000000 120.000000 10.000000
37.481539 -118.237619 3.000000 0.000000 120.000000 10.000000
37.508489 -118.237619 3.000000 0.000000 120.000000 10.000000
37.535439 -118.237619 3.000000 0.000000 120.000000 10.000000
37.562389 -118.237619 3.000000 0.000000 120.000000 10.000000
37.589339 -118.237619 3.000000 0.000000 120.000000 10.000000
37.616289 -118.237619 3.000000 0.000000 120.000000 10.000000
37.643239 -118.237619 3.000000 0.000000 120.000000 10.000000
37.670189 -118.237619 3.000000 0.000000 120.000000 10.000000
37.697139 -118.237619 3.000000 0.000000 120.000000 10.000000
37.724089 -118.237619 3.000000 0.000000 120.000000 10.000000
37.751039 -118.237619 3.000000 0.000000 120.000000 10.000000
37.777989 -118.237619 3.000000 0.000000 120.000000 10.000000
37.804938 -118.237619 3.000000 0.000000 120.000000 10.000000
37.831888 -118.237619 3.000000 0.000000 120.000000 10.000000
37.858837 -118.237619 3.000000 0.000000 120.000000 10.000000
37.885787 -118.237619 3.000000 0.000000 120.000000 10.000000
37.912736 -118.237619 3.000000 0.000000 120.000000 10.000000
37.939685 -118.237619 3.000000 0.000000 120.000000 10.000000
37.966634 -118.237619 3.000000 0.000000 120.000000 10.000000
37.993583 -118.237619 3.000000 0.000000 120.000000 10.000000
38.020531 -118.237619 3.000000 0.000000 120.000000 10.000000
38.047480 -118.237619 3.000000 0.000000 120.000000 10.000000
38.074428 -118.237619 3.000000 0.000000 120.000000 10.000000
38.101376 -118.237619 3.000000 0.000000 120.000000 10.000000
38.128324 -118.237619 3.000000 0.000000 120.000000 10.000000
38.155271 -118.237619 3.000000 0.000000 120.000000 10.000000
38.182219 -118.237619 3.000000 0.000000 120.000000 10.000000
38.209166 -118.237619 3.000000 0.000000 120.000000 10.000000
38.236112 -118.237619 3.000000 0.000000 120.000000 10.000000
38.263059 -118.237619 3.000000 0.000000 120.000000 10.000000
38.290005 -118.237619 3.000000 0.000000 120.000000 10.000000
38.316951 -118.237619 3.000000 0.000000 120.000000 10.000000
38.343896 -118.237619 3.000000 0.000000 120.000000 10.000000
38.370842 -118.237619 3.000000 0.000000 120.000000 10.000000
38.397786 -118.237619 3.000000 0.000000 120.000000 10.000000
38.424731 -118.237619 3.000000 0.000000 120.000000 10.000000
38.451675 -118.237619 3.000000 0.000000 120.000000 10.000000
38.478619 -118.237619 3.000000 0.000000 120.000000 10.000000
38.505562 -118.237619 3.000000 0.000000 120.000000 10.000000
38.532505 -118.237619 3.000000 0.000000 120.000000 10.000000
38.559448 -118.237619 3.000000 0.000000 120.000000 10.000000
38.586390 -118.237619 3.000000 0.000000 120.000000 10.000000
38.613331 -118.237619 3.000000 0.000000 120.000000 10.000000
38.640273 -118.237619 3.000000 0.000000 120.000000 10.000000
38.667213 -118.237619 3.000000 0.000000 120.000000 10.000000
38.694154 -118.237619 3.000000 0.000000 120.000000 10.000000
38.721093 -118.237619 3.000000 0.000000 120.000000 10.000000
38.748033 -118.237619 3.000000 0.000000 120.000000 10.000000
38.774971 -118.237619 3.000000 0.000000 120.000000 10.000000
38.801910 -118.237619 3.000000 0.000000 120.000000 10.000000
38.828847 -118.237619 3.000000 0.000000 120.000000 10.000000
38.855784 -118.237619 3.000000 0.000000 120.000000 10.000000
38.882721 -118.237619 3.000000 0.000000 120.000000 10.000000
38.909657 -118.237619 3.000000 0.000000 120.000000 10.000000
